1 1653
2 15005
3 68114
4 217341
5 538502
6 1109197
7 1964991
8 3093368
9 4392626
10 5742251
11 6963751
12 7950830
13 8590122
14 8841326
15 8728141
16 8304490
17 7636674
18 6801475
19 5912553
20 5002441
21 4133852
22 3350091
23 2666856
24 2074218
25 1593045
26 1203475
27 893702
28 653793
29 473415
30 335060
31 238834
32 164562
33 113717
34 77895
35 52302
36 34547
37 23279
38 15283
39 9859
40 6395
41 4018
42 2609
43 1650
44 988
45 636
46 433
47 251
48 148
49 83
50 53
51 37
52 24
53 12
54 6
55 6
56 5
57 8
58 1
61 1