126 1
134 1
135 1
137 2
139 5
140 5
141 5
142 8
143 7
144 9
145 4
146 13
147 7
148 32
149 21
150 29
151 41
152 49
153 54
154 71
155 92
156 99
157 129
158 123
159 164
160 190
161 241
162 279
163 317
164 382
165 437
166 546
167 668
168 706
169 845
170 1005
171 1125
172 1312
173 1438
174 1678
175 1882
176 2142
177 2537
178 2777
179 3059
180 3550
181 3900
182 4292
183 4922
184 5294
185 5951
186 6408
187 7184
188 7919
189 8704
190 9295
191 10316
192 11072
193 11700
194 13085
195 13909
196 14916
197 15995
198 17165
199 18042
200 19716
201 20265
202 21822
203 23015
204 24310
205 25312
206 26675
207 28102
208 29349
209 30685
210 31861
211 33123
212 34314
213 35172
214 36624
215 37652
216 38002
217 39277
218 40207
219 40620
220 41735
221 42621
222 42814
223 43353
224 43919
225 44080
226 44416
227 44242
228 44927
229 44343
230 44401
231 44288
232 44127
233 43486
234 43042
235 42339
236 42051
237 41210
238 40854
239 39791
240 38992
241 37921
242 36914
243 36154
244 34802
245 34101
246 32793
247 31806
248 30398
249 29271
250 28201
251 27070
252 25741
253 24659
254 23547
255 22548
256 21302
257 20098
258 19269
259 17964
260 17219
261 16181
262 14935
263 14171
264 13439
265 12158
266 11694
267 10993
268 10203
269 9332
270 8587
271 8145
272 7435
273 6799
274 6486
275 5776
276 5370
277 4989
278 4450
279 4051
280 3769
281 3508
282 3128
283 2821
284 2644
285 2350
286 2141
287 1978
288 1682
289 1528
290 1388
291 1241
292 1102
293 974
294 866
295 807
296 715
297 632
298 592
299 487
300 422
301 382
302 320
303 271
304 259
305 238
306 207
307 171
308 139
309 114
310 122
311 116
312 96
313 71
314 64
315 49
316 46
317 54
318 35
319 27
320 32
321 25
322 26
323 23
324 11
325 8
326 5
327 9
328 10
329 1
330 4
331 3
332 3
333 3
334 3
335 1
336 1
337 4
338 2
340 1
341 1
342 2
344 1
353 1
354 1