86 1
91 2
93 2
94 1
95 3
96 3
97 3
98 5
99 6
100 13
101 7
102 16
103 22
104 32
105 54
106 51
107 69
108 78
109 115
110 118
111 161
112 216
113 248
114 318
115 355
116 432
117 536
118 646
119 768
120 933
121 1158
122 1285
123 1560
124 1821
125 2123
126 2476
127 2830
128 3286
129 3758
130 4423
131 5081
132 5681
133 6433
134 7280
135 8003
136 9178
137 10252
138 11374
139 12580
140 13856
141 15305
142 16772
143 18634
144 20002
145 21516
146 23287
147 25319
148 27270
149 28861
150 31176
151 32766
152 34810
153 36845
154 39623
155 41280
156 42883
157 45172
158 46506
159 48408
160 50535
161 52101
162 53787
163 55055
164 55909
165 57426
166 58695
167 59417
168 60118
169 60531
170 61184
171 61723
172 61581
173 61832
174 60897
175 60839
176 60253
177 59592
178 58839
179 57914
180 56838
181 55893
182 54705
183 52931
184 51455
185 49697
186 47875
187 46350
188 44426
189 42751
190 41568
191 39459
192 37990
193 35386
194 33796
195 31771
196 30096
197 28690
198 26665
199 25265
200 23615
201 21785
202 20498
203 19263
204 17834
205 16371
206 15285
207 14073
208 12861
209 11733
210 10855
211 9981
212 9077
213 8356
214 7411
215 6713
216 6169
217 5577
218 5099
219 4489
220 4029
221 3726
222 3250
223 2853
224 2505
225 2367
226 2005
227 1743
228 1630
229 1402
230 1220
231 1090
232 972
233 897
234 726
235 650
236 557
237 456
238 405
239 375
240 322
241 319
242 232
243 218
244 174
245 150
246 121
247 92
248 98
249 71
250 58
251 67
252 41
253 42
254 32
255 27
256 27
257 18
258 18
259 12
260 11
261 4
262 4
263 4
264 1
265 2
266 2
267 1
268 3
270 1
271 1
272 1
280 1