89 1
91 1
92 1
93 1
94 1
95 1
97 2
98 2
99 2
100 2
101 4
102 3
103 11
104 7
105 7
106 12
107 18
108 30
109 25
110 41
111 50
112 77
113 82
114 106
115 119
116 146
117 199
118 228
119 260
120 287
121 378
122 440
123 543
124 615
125 659
126 816
127 1003
128 1119
129 1267
130 1434
131 1694
132 1929
133 2088
134 2467
135 2781
136 3050
137 3545
138 3797
139 4278
140 4602
141 5101
142 5776
143 5981
144 6629
145 7394
146 7785
147 8348
148 8878
149 9650
150 10248
151 10930
152 11630
153 12320
154 12889
155 13823
156 14382
157 14859
158 15535
159 16278
160 16810
161 17233
162 17696
163 18345
164 18607
165 19059
166 19418
167 19639
168 20306
169 20196
170 20167
171 20624
172 20481
173 20199
174 20313
175 20347
176 20108
177 19891
178 19644
179 19116
180 18718
181 18503
182 18043
183 17888
184 17033
185 16512
186 16106
187 15456
188 15075
189 14349
190 13755
191 12945
192 12719
193 11873
194 11411
195 10677
196 10105
197 9550
198 8957
199 8509
200 7782
201 7558
202 6769
203 6540
204 5898
205 5351
206 5122
207 4751
208 4310
209 4058
210 3615
211 3224
212 3017
213 2700
214 2594
215 2384
216 2062
217 1920
218 1747
219 1528
220 1362
221 1253
222 1092
223 978
224 877
225 802
226 694
227 656
228 523
229 479
230 420
231 386
232 313
233 284
234 261
235 235
236 203
237 167
238 149
239 134
240 97
241 109
242 79
243 76
244 54
245 56
246 44
247 39
248 25
249 29
250 29
251 12
252 18
253 12
254 7
255 13
256 13
257 4
258 6
259 2
260 2
261 6
262 1
263 2
264 3
265 5
267 1
268 3
269 1
271 1
277 2
280 1