27 578
28 577
29 2316
30 1157
31 4634
32 5206
33 1736
34 6376
35 10434
36 15646
37 17958
38 14487
39 22603
40 50997
41 53896
42 56220
43 73024
44 84008
45 102576
46 115271
47 155307
48 182559
49 192374
50 223661
51 250911
52 275251
53 274113
54 327416
55 361567
56 382451
57 384786
58 419021
59 432827
60 452579
61 481497
62 463015
63 501853
64 513981
65 483910
66 491973
67 480352
68 486143
69 451350
70 427614
71 414942
72 394631
73 345373
74 312909
75 310000
76 298949
77 249148
78 234136
79 209788
80 220186
81 159387
82 159923
83 128056
84 119384
85 109521
86 105475
87 74721
88 64316
89 52147
90 38269
91 47519
92 35353
93 33016
94 23170
95 23771
96 17966
97 22021
98 13922
99 6959
100 6952
101 5215
102 6377
103 4635
104 579
105 2320
106 4061
107 2894
108 1740
109 581
110 2317
111 1160