1 15111
2 136049
3 619474
4 1976482
5 4894453
6 10084314
7 17863430
8 28118663
9 39928546
10 52194557
11 63301379
12 72277599
13 78095226
14 80381609
15 79338141
16 75501521
17 69422505
18 61835981
19 53756521
20 45485776
21 37576067
22 30458812
23 24236451
24 18858191
25 14483855
26 10943204
27 8124357
28 5944241
29 4304814
30 3046762
31 2171775
32 1495800
33 1033597
34 707279
35 475252
36 313822
37 211655
38 138578
39 89921
40 58124
41 36632
42 23940
43 14973
44 9061
45 5788
46 3984
47 2300
48 1313
49 773
50 456
51 343
52 202
53 100
54 51
55 50
56 50
57 70
58 10
61 10