88 1
89 1
91 1
92 1
93 1
94 3
95 1
97 2
98 3
99 2
100 4
101 6
102 10
103 14
104 9
105 8
106 22
107 27
108 39
109 34
110 62
111 78
112 113
113 112
114 171
115 177
116 222
117 278
118 335
119 402
120 446
121 569
122 658
123 823
124 928
125 1021
126 1251
127 1532
128 1666
129 1909
130 2093
131 2578
132 2876
133 3184
134 3715
135 4156
136 4627
137 5226
138 5731
139 6384
140 6974
141 7708
142 8589
143 9003
144 9902
145 11026
146 11607
147 12677
148 13352
149 14530
150 15543
151 16242
152 17449
153 18358
154 19477
155 20515
156 21560
157 22297
158 23220
159 24232
160 25203
161 25828
162 26690
163 27516
164 27841
165 28356
166 29074
167 29544
168 30108
169 30461
170 30285
171 30758
172 30554
173 30456
174 30603
175 30469
176 30120
177 29859
178 29510
179 28761
180 28154
181 27725
182 27285
183 26560
184 25586
185 24844
186 24148
187 23142
188 22630
189 21631
190 20699
191 19421
192 19070
193 17812
194 17006
195 15926
196 15142
197 14220
198 13537
199 12875
200 11756
201 11313
202 10312
203 9688
204 8787
205 8165
206 7736
207 7070
208 6509
209 6028
210 5486
211 4925
212 4504
213 4151
214 3854
215 3530
216 3073
217 2913
218 2623
219 2266
220 2043
221 1856
222 1686
223 1461
224 1304
225 1227
226 1061
227 964
228 804
229 743
230 646
231 569
232 476
233 443
234 386
235 348
236 296
237 250
238 226
239 194
240 163
241 162
242 120
243 113
244 87
245 84
246 61
247 56
248 42
249 43
250 38
251 26
252 23
253 18
254 15
255 16
256 16
257 9
258 10
259 4
260 6
261 6
262 2
263 3
264 6
265 5
266 1
267 2
268 3
269 2
271 1
277 2
280 1